105,2
126,2
95,2
0,539
98,1
98,3
34,1
34,3
97,1
97,3
118,1
118,3
111,1
111,3
117,6
117,4
117,1
117,3
0,538
0,537
0,472
95,5
126,5
126,4
126,1
126,3
114,5
114,4
114,1
114,3
105,6
105,5
105,4
95,4
100,1
100,3
101,1
101,3
95,1
95,3
105,1
105,3
119,4
119,1
119,3
3,2
3,1
3,3
10,276
10,166
10,69
10,111
10,96
10,113
10,4
10,200
11,18
11,28
11,22
9,5
9,1
9,7
9,2
9,3
8,5
8,16
8,12
8,9
8,8
8,2
8,3
20,3
20,2
20,1
19,3
19,2
19,1
18,3
18,1
14,5
14,3
14,1
13,1
12,3
13,3
12,2
12,1
11,27
11,26
11,25
11,23
11,20
11,16
11,14
11,13
11,12
11,11
11,7
11,6
11,5
11,3
11,2
11,1
10,313
10,310
10,292
10,256
10,234
10,229
10,218
10,199
10,198
10,194
10,162
10,157
10,144
